2024-05-28 22:49:00.039233: FROM_UTILS_ERROR: maximum recursion depth exceeded
2024-05-28 22:49:00.245682: FROM_UTILS_ERROR: [Errno 2] No such file or directory: ''
2024-05-28 22:49:00.290601: FROM_UTILS_ERROR: maximum recursion depth exceeded
2024-05-28 22:49:00.386334: FROM_UTILS_ERROR: [Errno 2] No such file or directory: ''
2024-05-28 22:49:00.507009: FROM_UTILS_ERROR: [Errno 2] No such file or directory: ''
2024-05-28 22:49:00.538925: FROM_UTILS_ERROR: [Errno 2] No such file or directory: ''
2024-05-28 22:49:00.716422: FROM_UTILS_ERROR: [Errno 2] No such file or directory: ''
2024-05-28 22:49:00.718417: FROM_UTILS_ERROR: [Errno 2] No such file or directory: ''
2024-05-28 22:49:00.719414: FROM_UTILS_ERROR: [Errno 2] No such file or directory: ''
2024-05-28 22:49:00.720410: FROM_UTILS_ERROR: [Errno 2] No such file or directory: ''
2024-05-28 22:49:00.722404: FROM_UTILS_ERROR: [Errno 2] No such file or directory: ''
2024-05-28 22:49:00.723401: FROM_UTILS_ERROR: [Errno 2] No such file or directory: ''
2024-05-28 22:49:00.724399: FROM_UTILS_ERROR: [Errno 2] No such file or directory: ''
2024-05-28 22:49:00.725397: FROM_UTILS_ERROR: [Errno 2] No such file or directory: ''
2024-05-28 22:49:00.727391: FROM_UTILS_ERROR: [Errno 2] No such file or directory: ''
2024-05-28 22:49:00.729386: FROM_UTILS_ERROR: [Errno 2] No such file or directory: ''
2024-05-28 22:49:00.730411: FROM_UTILS_ERROR: [Errno 2] No such file or directory: ''
2024-05-28 22:49:00.731380: FROM_UTILS_ERROR: [Errno 2] No such file or directory: ''
2024-05-28 22:49:00.733375: FROM_UTILS_ERROR: [Errno 2] No such file or directory: ''
2024-05-28 22:49:00.734373: FROM_UTILS_ERROR: [Errno 2] No such file or directory: ''
2024-05-28 22:49:00.735370: FROM_UTILS_ERROR: [Errno 2] No such file or directory: ''
2024-05-28 22:49:00.736367: FROM_UTILS_ERROR: [Errno 2] No such file or directory: ''
2024-05-28 22:49:00.737364: FROM_UTILS_ERROR: [Errno 2] No such file or directory: ''
2024-05-28 22:49:00.739360: FROM_UTILS_ERROR: [Errno 2] No such file or directory: ''
2024-05-28 22:49:00.740357: FROM_UTILS_ERROR: [Errno 2] No such file or directory: ''
2024-05-28 22:49:00.741355: FROM_UTILS_ERROR: [Errno 2] No such file or directory: ''
2024-05-28 22:49:00.743474: FROM_UTILS_ERROR: [Errno 2] No such file or directory: ''
2024-05-28 22:49:00.744978: FROM_UTILS_ERROR: [Errno 2] No such file or directory: ''
2024-05-28 22:49:00.745975: FROM_UTILS_ERROR: [Errno 2] No such file or directory: ''
2024-05-28 22:49:00.746972: FROM_UTILS_ERROR: [Errno 2] No such file or directory: ''
2024-05-28 22:49:00.747969: FROM_UTILS_ERROR: [Errno 2] No such file or directory: ''
2024-05-28 22:49:00.748966: FROM_UTILS_ERROR: [Errno 2] No such file or directory: ''
2024-05-28 22:49:00.749964: FROM_UTILS_ERROR: [Errno 2] No such file or directory: ''
2024-05-28 22:49:00.750961: FROM_UTILS_ERROR: [Errno 2] No such file or directory: ''
2024-05-28 22:49:00.752957: FROM_UTILS_ERROR: [Errno 2] No such file or directory: ''
2024-05-28 22:49:00.753982: FROM_UTILS_ERROR: [Errno 2] No such file or directory: ''
2024-05-28 22:49:00.754951: FROM_UTILS_ERROR: [Errno 2] No such file or directory: ''
2024-05-28 22:49:00.756948: FROM_UTILS_ERROR: [Errno 2] No such file or directory: ''
2024-05-28 22:49:00.757945: FROM_UTILS_ERROR: [Errno 2] No such file or directory: ''
2024-05-28 22:49:00.759938: FROM_UTILS_ERROR: [Errno 2] No such file or directory: ''
2024-05-28 22:49:00.761934: FROM_UTILS_ERROR: [Errno 2] No such file or directory: ''
2024-05-28 22:49:00.762959: FROM_UTILS_ERROR: [Errno 2] No such file or directory: ''
2024-05-28 22:49:00.763929: FROM_UTILS_ERROR: [Errno 2] No such file or directory: ''
2024-05-28 22:49:00.764925: FROM_UTILS_ERROR: [Errno 2] No such file or directory: ''
2024-05-28 22:49:00.765921: FROM_UTILS_ERROR: [Errno 2] No such file or directory: ''
2024-05-28 22:49:00.767916: FROM_UTILS_ERROR: [Errno 2] No such file or directory: ''
2024-05-28 22:49:00.768942: FROM_UTILS_ERROR: [Errno 2] No such file or directory: ''
2024-05-28 22:49:00.769911: FROM_UTILS_ERROR: [Errno 2] No such file or directory: ''
2024-05-28 22:49:00.770909: FROM_UTILS_ERROR: [Errno 2] No such file or directory: ''
2024-05-28 22:49:00.771907: FROM_UTILS_ERROR: [Errno 2] No such file or directory: ''
2024-05-28 22:49:00.772904: FROM_UTILS_ERROR: [Errno 2] No such file or directory: ''
2024-05-28 22:49:00.774898: FROM_UTILS_ERROR: [Errno 2] No such file or directory: ''
2024-05-28 22:49:00.775895: FROM_UTILS_ERROR: [Errno 2] No such file or directory: ''
2024-05-28 22:49:00.777890: FROM_UTILS_ERROR: [Errno 2] No such file or directory: ''
2024-05-28 22:49:00.778915: FROM_UTILS_ERROR: [Errno 2] No such file or directory: ''
2024-05-28 22:49:00.779912: FROM_UTILS_ERROR: [Errno 2] No such file or directory: ''
2024-05-28 22:49:00.780882: FROM_UTILS_ERROR: [Errno 2] No such file or directory: ''
2024-05-28 22:49:00.781880: FROM_UTILS_ERROR: [Errno 2] No such file or directory: ''
2024-05-28 22:49:00.782878: FROM_UTILS_ERROR: [Errno 2] No such file or directory: ''
2024-05-28 22:49:00.783874: FROM_UTILS_ERROR: [Errno 2] No such file or directory: ''
2024-05-28 22:49:00.785896: FROM_UTILS_ERROR: [Errno 2] No such file or directory: ''
2024-05-28 22:49:00.786894: FROM_UTILS_ERROR: [Errno 2] No such file or directory: ''
2024-05-28 22:49:00.787864: FROM_UTILS_ERROR: [Errno 2] No such file or directory: ''
2024-05-28 22:49:00.788896: FROM_UTILS_ERROR: [Errno 2] No such file or directory: ''
2024-05-28 22:49:00.789858: FROM_UTILS_ERROR: [Errno 2] No such file or directory: ''
2024-05-28 22:49:00.790890: FROM_UTILS_ERROR: [Errno 2] No such file or directory: ''
2024-05-28 22:49:00.792852: FROM_UTILS_ERROR: [Errno 2] No such file or directory: ''
2024-05-28 22:49:00.794874: FROM_UTILS_ERROR: [Errno 2] No such file or directory: ''
2024-05-28 22:49:00.796881: FROM_UTILS_ERROR: [Errno 2] No such file or directory: ''
2024-05-28 22:49:00.797837: FROM_UTILS_ERROR: [Errno 2] No such file or directory: ''
2024-05-28 22:49:00.798833: FROM_UTILS_ERROR: [Errno 2] No such file or directory: ''
2024-05-28 22:49:00.800856: FROM_UTILS_ERROR: [Errno 2] No such file or directory: ''
2024-05-28 22:49:00.802852: FROM_UTILS_ERROR: [Errno 2] No such file or directory: ''
2024-05-28 22:49:00.804839: FROM_UTILS_ERROR: [Errno 2] No such file or directory: ''
2024-05-28 22:49:00.805815: FROM_UTILS_ERROR: [Errno 2] No such file or directory: ''
2024-05-28 22:49:00.806812: FROM_UTILS_ERROR: [Errno 2] No such file or directory: ''
2024-05-28 22:49:00.808807: FROM_UTILS_ERROR: [Errno 2] No such file or directory: ''
2024-05-28 22:49:00.809804: FROM_UTILS_ERROR: [Errno 2] No such file or directory: ''
2024-05-28 22:49:00.810802: FROM_UTILS_ERROR: [Errno 2] No such file or directory: ''
2024-05-28 22:49:00.811799: FROM_UTILS_ERROR: [Errno 2] No such file or directory: ''
2024-05-28 22:49:00.813793: FROM_UTILS_ERROR: [Errno 2] No such file or directory: ''
2024-05-28 22:49:00.814791: FROM_UTILS_ERROR: [Errno 2] No such file or directory: ''
2024-05-28 22:49:00.815788: FROM_UTILS_ERROR: [Errno 2] No such file or directory: ''
2024-05-28 22:49:00.816785: FROM_UTILS_ERROR: [Errno 22] Invalid argument
2024-05-28 22:49:00.817783: FROM_UTILS_ERROR: [Errno 2] No such file or directory: ''
2024-05-28 22:49:00.818780: FROM_UTILS_ERROR: [Errno 2] No such file or directory: ''
2024-05-28 22:49:00.819777: FROM_UTILS_ERROR: [Errno 2] No such file or directory: ''
2024-05-28 22:49:00.820774: FROM_UTILS_ERROR: [Errno 2] No such file or directory: ''
2024-05-28 22:49:00.822769: FROM_UTILS_ERROR: [Errno 2] No such file or directory: ''
2024-05-28 22:49:00.823795: FROM_UTILS_ERROR: [Errno 2] No such file or directory: ''
2024-05-28 22:49:00.824764: FROM_UTILS_ERROR: [Errno 2] No such file or directory: ''
2024-05-28 22:49:00.825762: FROM_UTILS_ERROR: [Errno 2] No such file or directory: ''
2024-05-28 22:49:00.827756: FROM_UTILS_ERROR: [Errno 2] No such file or directory: ''
2024-05-28 22:49:00.828753: FROM_UTILS_ERROR: [Errno 2] No such file or directory: ''
2024-05-28 22:49:00.829751: FROM_UTILS_ERROR: [Errno 2] No such file or directory: ''
2024-05-28 22:49:00.831745: FROM_UTILS_ERROR: [Errno 2] No such file or directory: ''
2024-05-28 22:49:00.832770: FROM_UTILS_ERROR: [Errno 2] No such file or directory: ''
2024-05-28 22:49:00.833741: FROM_UTILS_ERROR: [Errno 2] No such file or directory: ''
2024-05-28 22:49:00.673537: FROM_UTILS_ERROR: [Errno 2] No such file or directory: ''
2024-05-28 22:49:00.834740: FROM_UTILS_ERROR: [Errno 2] No such file or directory: ''
2024-05-28 22:49:00.835735: FROM_UTILS_ERROR: [Errno 2] No such file or directory: ''
2024-05-28 22:49:00.837767: FROM_UTILS_ERROR: [Errno 2] No such file or directory: ''
2024-05-28 22:49:00.838756: FROM_UTILS_ERROR: [Errno 2] No such file or directory: ''
2024-05-28 22:49:00.839724: FROM_UTILS_ERROR: [Errno 2] No such file or directory: ''
2024-05-28 22:49:00.841719: FROM_UTILS_ERROR: [Errno 2] No such file or directory: ''
2024-05-28 22:49:00.842716: FROM_UTILS_ERROR: [Errno 2] No such file or directory: ''
2024-05-28 22:49:00.844710: FROM_UTILS_ERROR: [Errno 2] No such file or directory: ''
2024-05-28 22:49:00.845708: FROM_UTILS_ERROR: [Errno 2] No such file or directory: ''
2024-05-28 22:49:00.846705: FROM_UTILS_ERROR: [Errno 2] No such file or directory: ''
2024-05-28 22:49:00.847702: FROM_UTILS_ERROR: [Errno 2] No such file or directory: ''
2024-05-28 22:49:00.848700: FROM_UTILS_ERROR: [Errno 2] No such file or directory: ''
2024-05-28 22:49:00.849697: FROM_UTILS_ERROR: [Errno 2] No such file or directory: ''
2024-05-28 22:49:00.851721: FROM_UTILS_ERROR: [Errno 2] No such file or directory: ''
2024-05-28 22:49:00.852690: FROM_UTILS_ERROR: [Errno 2] No such file or directory: ''
2024-05-28 22:49:00.853686: FROM_UTILS_ERROR: [Errno 2] No such file or directory: ''
2024-05-28 22:49:00.855683: FROM_UTILS_ERROR: [Errno 2] No such file or directory: ''
2024-05-28 22:49:00.856708: FROM_UTILS_ERROR: [Errno 2] No such file or directory: ''
2024-05-28 22:49:00.857676: FROM_UTILS_ERROR: [Errno 2] No such file or directory: ''
2024-05-28 22:49:00.859671: FROM_UTILS_ERROR: [Errno 2] No such file or directory: ''
2024-05-28 22:49:00.861666: FROM_UTILS_ERROR: [Errno 2] No such file or directory: ''
2024-05-28 22:49:00.862662: FROM_UTILS_ERROR: [Errno 2] No such file or directory: ''
2024-05-28 22:49:00.863661: FROM_UTILS_ERROR: [Errno 2] No such file or directory: ''
2024-05-28 22:49:00.864657: FROM_UTILS_ERROR: [Errno 2] No such file or directory: ''
2024-05-28 22:49:00.866652: FROM_UTILS_ERROR: [Errno 2] No such file or directory: ''
2024-05-28 22:49:00.867649: FROM_UTILS_ERROR: [Errno 2] No such file or directory: ''
2024-05-28 22:49:00.868646: FROM_UTILS_ERROR: [Errno 2] No such file or directory: ''
2024-05-28 22:49:00.869644: FROM_UTILS_ERROR: [Errno 2] No such file or directory: ''
2024-05-28 22:49:00.871669: FROM_UTILS_ERROR: [Errno 2] No such file or directory: ''
2024-05-28 22:49:00.872637: FROM_UTILS_ERROR: [Errno 2] No such file or directory: ''
2024-05-28 22:49:00.873634: FROM_UTILS_ERROR: [Errno 2] No such file or directory: ''
2024-05-28 22:49:00.875629: FROM_UTILS_ERROR: [Errno 2] No such file or directory: ''
2024-05-28 22:49:00.876626: FROM_UTILS_ERROR: [Errno 2] No such file or directory: ''
2024-05-28 22:49:00.877623: FROM_UTILS_ERROR: [Errno 2] No such file or directory: ''
2024-05-28 22:49:00.878620: FROM_UTILS_ERROR: [Errno 2] No such file or directory: ''
2024-05-28 22:49:00.880614: FROM_UTILS_ERROR: [Errno 2] No such file or directory: ''
2024-05-28 22:49:00.881612: FROM_UTILS_ERROR: [Errno 2] No such file or directory: ''
2024-05-28 22:49:00.882609: FROM_UTILS_ERROR: [Errno 2] No such file or directory: ''
2024-05-28 22:49:00.883606: FROM_UTILS_ERROR: [Errno 2] No such file or directory: ''
2024-05-28 22:49:00.884604: FROM_UTILS_ERROR: [Errno 2] No such file or directory: ''
2024-05-28 22:49:00.885601: FROM_UTILS_ERROR: [Errno 2] No such file or directory: ''
2024-05-28 22:49:00.887596: FROM_UTILS_ERROR: [Errno 2] No such file or directory: ''
2024-05-28 22:49:00.888593: FROM_UTILS_ERROR: [Errno 2] No such file or directory: ''
2024-05-28 22:49:00.889591: FROM_UTILS_ERROR: [Errno 2] No such file or directory: ''
2024-05-28 22:49:00.890588: FROM_UTILS_ERROR: [Errno 2] No such file or directory: ''
2024-05-28 22:49:00.892583: FROM_UTILS_ERROR: [Errno 2] No such file or directory: ''
2024-05-28 22:49:00.893580: FROM_UTILS_ERROR: [Errno 2] No such file or directory: ''
2024-05-28 22:49:00.894577: FROM_UTILS_ERROR: [Errno 2] No such file or directory: ''
2024-05-28 22:49:00.895575: FROM_UTILS_ERROR: [Errno 2] No such file or directory: ''
2024-05-28 22:49:00.897569: FROM_UTILS_ERROR: [Errno 2] No such file or directory: ''
2024-05-28 22:49:00.899564: FROM_UTILS_ERROR: [Errno 2] No such file or directory: ''
2024-05-28 22:49:00.900563: FROM_UTILS_ERROR: [Errno 2] No such file or directory: ''
2024-05-28 22:49:00.901561: FROM_UTILS_ERROR: [Errno 2] No such file or directory: ''
2024-05-28 22:49:00.902558: FROM_UTILS_ERROR: [Errno 2] No such file or directory: ''
2024-05-28 22:49:00.903555: FROM_UTILS_ERROR: [Errno 2] No such file or directory: ''
2024-05-28 22:49:00.905548: FROM_UTILS_ERROR: [Errno 2] No such file or directory: ''
2024-05-28 22:49:00.906545: FROM_UTILS_ERROR: [Errno 2] No such file or directory: ''
2024-05-28 22:49:00.907542: FROM_UTILS_ERROR: [Errno 2] No such file or directory: ''
2024-05-28 22:49:00.909538: FROM_UTILS_ERROR: [Errno 2] No such file or directory: ''
2024-05-28 22:49:00.910534: FROM_UTILS_ERROR: [Errno 2] No such file or directory: ''
2024-05-28 22:49:00.911532: FROM_UTILS_ERROR: [Errno 2] No such file or directory: ''
2024-05-28 22:49:00.912529: FROM_UTILS_ERROR: [Errno 2] No such file or directory: ''
2024-05-28 22:49:00.913526: FROM_UTILS_ERROR: [Errno 2] No such file or directory: ''
2024-05-28 22:49:00.915521: FROM_UTILS_ERROR: [Errno 2] No such file or directory: ''
2024-05-28 22:49:00.916518: FROM_UTILS_ERROR: [Errno 2] No such file or directory: ''
2024-05-28 22:49:00.917515: FROM_UTILS_ERROR: [Errno 2] No such file or directory: ''
2024-05-28 22:49:00.918513: FROM_UTILS_ERROR: [Errno 2] No such file or directory: ''
2024-05-28 22:49:00.919512: FROM_UTILS_ERROR: [Errno 2] No such file or directory: ''
2024-05-28 22:49:00.920508: FROM_UTILS_ERROR: [Errno 2] No such file or directory: ''
2024-05-28 22:49:00.922504: FROM_UTILS_ERROR: [Errno 2] No such file or directory: ''
2024-05-28 22:49:00.923502: FROM_UTILS_ERROR: [Errno 2] No such file or directory: ''
2024-05-28 22:49:00.924499: FROM_UTILS_ERROR: [Errno 2] No such file or directory: ''
2024-05-28 22:49:00.926492: FROM_UTILS_ERROR: [Errno 2] No such file or directory: ''
2024-05-28 22:49:00.927489: FROM_UTILS_ERROR: [Errno 2] No such file or directory: ''
2024-05-28 22:49:00.928487: FROM_UTILS_ERROR: [Errno 2] No such file or directory: ''
2024-05-28 22:49:00.929484: FROM_UTILS_ERROR: [Errno 2] No such file or directory: ''
2024-05-28 22:49:00.931478: FROM_UTILS_ERROR: [Errno 2] No such file or directory: ''
2024-05-28 22:49:00.932476: FROM_UTILS_ERROR: [Errno 2] No such file or directory: ''
2024-05-28 22:49:00.933501: FROM_UTILS_ERROR: [Errno 2] No such file or directory: ''
2024-05-28 22:49:00.935104: FROM_UTILS_ERROR: [Errno 22] Invalid argument
2024-05-28 22:49:00.936135: FROM_UTILS_ERROR: [Errno 2] No such file or directory: ''
2024-05-28 22:49:00.937129: FROM_UTILS_ERROR: [Errno 2] No such file or directory: ''
2024-05-28 22:49:00.668550: FROM_UTILS_ERROR: [Errno 22] Invalid argument
2024-05-28 22:49:00.938126: FROM_UTILS_ERROR: [Errno 2] No such file or directory: ''
2024-05-28 22:49:00.939128: FROM_UTILS_ERROR: [Errno 2] No such file or directory: ''
2024-05-28 22:49:00.940093: FROM_UTILS_ERROR: [Errno 2] No such file or directory: ''
2024-05-28 22:49:00.942089: FROM_UTILS_ERROR: [Errno 2] No such file or directory: ''
2024-05-28 22:49:00.943102: FROM_UTILS_ERROR: [Errno 2] No such file or directory: ''
2024-05-28 22:49:00.945080: FROM_UTILS_ERROR: [Errno 2] No such file or directory: ''
2024-05-28 22:49:00.946077: FROM_UTILS_ERROR: [Errno 2] No such file or directory: ''
2024-05-28 22:49:00.947075: FROM_UTILS_ERROR: [Errno 2] No such file or directory: ''
2024-05-28 22:49:00.948071: FROM_UTILS_ERROR: [Errno 2] No such file or directory: ''
2024-05-28 22:49:00.949068: FROM_UTILS_ERROR: [Errno 2] No such file or directory: ''
2024-05-28 22:49:00.951064: FROM_UTILS_ERROR: [Errno 2] No such file or directory: ''
2024-05-28 22:49:00.952061: FROM_UTILS_ERROR: [Errno 2] No such file or directory: ''
2024-05-28 22:49:00.953058: FROM_UTILS_ERROR: [Errno 2] No such file or directory: ''
2024-05-28 22:49:00.955053: FROM_UTILS_ERROR: [Errno 2] No such file or directory: ''
2024-05-28 22:49:00.956050: FROM_UTILS_ERROR: [Errno 2] No such file or directory: ''
2024-05-28 22:49:00.957047: FROM_UTILS_ERROR: [Errno 2] No such file or directory: ''
2024-05-28 22:49:00.958045: FROM_UTILS_ERROR: [Errno 2] No such file or directory: ''
2024-05-28 22:49:00.960039: FROM_UTILS_ERROR: [Errno 2] No such file or directory: ''
2024-05-28 22:49:00.961037: FROM_UTILS_ERROR: [Errno 2] No such file or directory: ''
2024-05-28 22:49:00.963031: FROM_UTILS_ERROR: [Errno 2] No such file or directory: ''
2024-05-28 22:49:00.965026: FROM_UTILS_ERROR: [Errno 2] No such file or directory: ''
2024-05-28 22:49:00.966023: FROM_UTILS_ERROR: [Errno 2] No such file or directory: ''
2024-05-28 22:49:00.968018: FROM_UTILS_ERROR: [Errno 2] No such file or directory: ''
2024-05-28 22:49:00.969015: FROM_UTILS_ERROR: [Errno 2] No such file or directory: ''
2024-05-28 22:49:00.970013: FROM_UTILS_ERROR: [Errno 2] No such file or directory: ''
2024-05-28 22:49:00.971011: FROM_UTILS_ERROR: [Errno 2] No such file or directory: ''
2024-05-28 22:49:00.972008: FROM_UTILS_ERROR: [Errno 2] No such file or directory: ''
2024-05-28 22:49:00.973004: FROM_UTILS_ERROR: [Errno 2] No such file or directory: ''
2024-05-28 22:49:00.975000: FROM_UTILS_ERROR: [Errno 2] No such file or directory: ''
2024-05-28 22:49:00.976995: FROM_UTILS_ERROR: [Errno 2] No such file or directory: ''
2024-05-28 22:49:00.978989: FROM_UTILS_ERROR: [Errno 2] No such file or directory: ''
2024-05-28 22:49:00.979986: FROM_UTILS_ERROR: [Errno 2] No such file or directory: ''
2024-05-28 22:49:00.980984: FROM_UTILS_ERROR: [Errno 2] No such file or directory: ''
2024-05-28 22:49:00.981981: FROM_UTILS_ERROR: [Errno 2] No such file or directory: ''
2024-05-28 22:49:00.983976: FROM_UTILS_ERROR: [Errno 2] No such file or directory: ''
2024-05-28 22:49:00.984973: FROM_UTILS_ERROR: [Errno 2] No such file or directory: ''
2024-05-28 22:49:00.985970: FROM_UTILS_ERROR: [Errno 2] No such file or directory: ''
2024-05-28 22:49:00.987965: FROM_UTILS_ERROR: [Errno 2] No such file or directory: ''
2024-05-28 22:49:00.850695: FROM_UTILS_ERROR: [Errno 2] No such file or directory: ''
2024-05-28 22:49:00.988964: FROM_UTILS_ERROR: [Errno 2] No such file or directory: ''
2024-05-28 22:49:00.989960: FROM_UTILS_ERROR: [Errno 2] No such file or directory: ''
2024-05-28 22:49:00.990957: FROM_UTILS_ERROR: [Errno 2] No such file or directory: ''
2024-05-28 22:49:00.992951: FROM_UTILS_ERROR: [Errno 2] No such file or directory: ''
2024-05-28 22:49:00.993949: FROM_UTILS_ERROR: [Errno 2] No such file or directory: ''
2024-05-28 22:49:00.995943: FROM_UTILS_ERROR: [Errno 2] No such file or directory: ''
2024-05-28 22:49:00.996941: FROM_UTILS_ERROR: [Errno 2] No such file or directory: ''
2024-05-28 22:49:00.998936: FROM_UTILS_ERROR: [Errno 2] No such file or directory: ''
2024-05-28 22:49:00.999934: FROM_UTILS_ERROR: [Errno 2] No such file or directory: ''
2024-05-28 22:49:01.000931: FROM_UTILS_ERROR: [Errno 2] No such file or directory: ''
2024-05-28 22:49:01.001927: FROM_UTILS_ERROR: [Errno 2] No such file or directory: ''
2024-05-28 22:49:01.002925: FROM_UTILS_ERROR: [Errno 2] No such file or directory: ''
2024-05-28 22:49:01.003922: FROM_UTILS_ERROR: [Errno 2] No such file or directory: ''
2024-05-28 22:49:01.005917: FROM_UTILS_ERROR: [Errno 2] No such file or directory: ''
2024-05-28 22:49:01.006915: FROM_UTILS_ERROR: [Errno 2] No such file or directory: ''
2024-05-28 22:49:01.007912: FROM_UTILS_ERROR: [Errno 2] No such file or directory: ''
2024-05-28 22:49:01.008909: FROM_UTILS_ERROR: [Errno 2] No such file or directory: ''
2024-05-28 22:49:01.010904: FROM_UTILS_ERROR: [Errno 2] No such file or directory: ''
2024-05-28 22:49:01.011902: FROM_UTILS_ERROR: [Errno 2] No such file or directory: ''
2024-05-28 22:49:01.012899: FROM_UTILS_ERROR: [Errno 2] No such file or directory: ''
2024-05-28 22:49:01.013896: FROM_UTILS_ERROR: [Errno 2] No such file or directory: ''
2024-05-28 22:49:01.014893: FROM_UTILS_ERROR: [Errno 2] No such file or directory: ''
2024-05-28 22:49:01.015891: FROM_UTILS_ERROR: [Errno 2] No such file or directory: ''
2024-05-28 22:49:01.018882: FROM_VOICE_INFO: 从audio/sys/erraudio.wav中解码音频为base64编码
2024-05-28 22:49:01.020878: FROM_VOICE_ERROR: [Errno 2] No such file or directory: 'audio/sys/erraudio.wav'
2024-05-28 22:49:01.027858: FROM_BOOT_INFO: 客户端初始化验证
2024-05-28 22:49:01.028855: FROM_NETWORK_INFO: 尝试与:1228/api/verification建立连接
2024-05-28 22:49:01.031847: FROM_NETWORK_ERROR: No connection adapters were found for ':1228/api/verification'
2024-05-28 22:49:01.032844: FROM_BOOT_INFO: 信号量--需要激活
2024-05-28 22:49:00.996941: FROM_UTILS_ERROR: [Errno 2] No such file or directory: ''
2024-05-28 22:49:00.951064: FROM_UTILS_ERROR: [Errno 2] No such file or directory: ''
2024-05-28 22:49:01.151558: FROM_UTILS_ERROR: [Errno 2] No such file or directory: ''
2024-05-28 22:49:01.152553: FROM_UTILS_ERROR: [Errno 2] No such file or directory: ''
2024-05-28 22:49:01.153522: FROM_UTILS_ERROR: [Errno 2] No such file or directory: ''
2024-05-28 22:49:01.154521: FROM_UTILS_ERROR: [Errno 2] No such file or directory: ''
2024-05-28 22:49:01.156546: FROM_UTILS_ERROR: [Errno 2] No such file or directory: ''
2024-05-28 22:49:01.157540: FROM_UTILS_ERROR: [Errno 2] No such file or directory: ''
2024-05-28 22:49:01.158509: FROM_UTILS_ERROR: [Errno 2] No such file or directory: ''
2024-05-28 22:49:01.160531: FROM_UTILS_ERROR: [Errno 2] No such file or directory: ''
2024-05-28 22:49:01.161502: FROM_UTILS_ERROR: [Errno 2] No such file or directory: ''
2024-05-28 22:49:01.162526: FROM_UTILS_ERROR: [Errno 2] No such file or directory: ''
2024-05-28 22:49:01.163495: FROM_UTILS_ERROR: [Errno 2] No such file or directory: ''
2024-05-28 22:49:01.164492: FROM_UTILS_ERROR: [Errno 2] No such file or directory: ''
2024-05-28 22:49:01.165490: FROM_UTILS_ERROR: [Errno 2] No such file or directory: ''
2024-05-28 22:49:01.166487: FROM_UTILS_ERROR: [Errno 2] No such file or directory: ''
2024-05-28 22:49:01.167484: FROM_UTILS_ERROR: [Errno 2] No such file or directory: ''
2024-05-28 22:49:01.169479: FROM_UTILS_ERROR: [Errno 2] No such file or directory: ''
2024-05-28 22:49:01.170476: FROM_UTILS_ERROR: [Errno 2] No such file or directory: ''
2024-05-28 22:49:01.171503: FROM_UTILS_ERROR: [Errno 2] No such file or directory: ''
2024-05-28 22:49:01.172499: FROM_UTILS_ERROR: [Errno 2] No such file or directory: ''
2024-05-28 22:49:01.173470: FROM_UTILS_ERROR: [Errno 2] No such file or directory: ''
2024-05-28 22:49:01.175463: FROM_UTILS_ERROR: [Errno 2] No such file or directory: ''
2024-05-28 22:49:01.176461: FROM_UTILS_ERROR: [Errno 2] No such file or directory: ''
2024-05-28 22:49:01.177458: FROM_UTILS_ERROR: [Errno 2] No such file or directory: ''
2024-05-28 22:49:01.178485: FROM_UTILS_ERROR: [Errno 2] No such file or directory: ''
2024-05-28 22:49:01.179453: FROM_UTILS_ERROR: [Errno 2] No such file or directory: ''
2024-05-28 22:49:01.181447: FROM_UTILS_ERROR: [Errno 2] No such file or directory: ''
2024-05-28 22:49:01.182445: FROM_UTILS_ERROR: [Errno 2] No such file or directory: ''
2024-05-28 22:49:01.183442: FROM_UTILS_ERROR: [Errno 2] No such file or directory: ''
2024-05-28 22:49:01.184440: FROM_UTILS_ERROR: [Errno 2] No such file or directory: ''
2024-05-28 22:49:01.185437: FROM_UTILS_ERROR: [Errno 2] No such file or directory: ''
2024-05-28 22:49:01.186434: FROM_UTILS_ERROR: [Errno 2] No such file or directory: ''
2024-05-28 22:49:01.188428: FROM_UTILS_ERROR: [Errno 2] No such file or directory: ''
2024-05-28 22:49:01.189426: FROM_UTILS_ERROR: [Errno 2] No such file or directory: ''
2024-05-28 22:49:01.190424: FROM_UTILS_ERROR: [Errno 2] No such file or directory: ''
2024-05-28 22:49:01.191422: FROM_UTILS_ERROR: [Errno 2] No such file or directory: ''
2024-05-28 22:49:01.193415: FROM_UTILS_ERROR: [Errno 2] No such file or directory: ''
2024-05-28 22:49:01.194413: FROM_UTILS_ERROR: [Errno 2] No such file or directory: ''
2024-05-28 22:49:01.195409: FROM_UTILS_ERROR: [Errno 2] No such file or directory: ''
2024-05-28 22:49:01.196407: FROM_UTILS_ERROR: [Errno 2] No such file or directory: ''
2024-05-28 22:49:01.197405: FROM_UTILS_ERROR: [Errno 2] No such file or directory: ''
2024-05-28 22:49:01.198403: FROM_UTILS_ERROR: [Errno 22] Invalid argument
2024-05-28 22:49:01.200397: FROM_UTILS_ERROR: [Errno 2] No such file or directory: ''
2024-05-28 22:49:01.201395: FROM_UTILS_ERROR: [Errno 2] No such file or directory: ''
2024-05-28 22:49:01.202392: FROM_UTILS_ERROR: [Errno 2] No such file or directory: ''
2024-05-28 22:49:01.203389: FROM_UTILS_ERROR: [Errno 2] No such file or directory: ''
2024-05-28 22:49:01.205383: FROM_UTILS_ERROR: [Errno 2] No such file or directory: ''
2024-05-28 22:49:01.206380: FROM_UTILS_ERROR: [Errno 2] No such file or directory: ''
2024-05-28 22:49:01.207377: FROM_UTILS_ERROR: [Errno 2] No such file or directory: ''
2024-05-28 22:49:01.209372: FROM_UTILS_ERROR: [Errno 2] No such file or directory: ''
2024-05-28 22:49:01.210370: FROM_UTILS_ERROR: [Errno 2] No such file or directory: ''
2024-05-28 22:49:01.212367: FROM_UTILS_ERROR: [Errno 2] No such file or directory: ''
2024-05-28 22:49:01.213363: FROM_UTILS_ERROR: [Errno 2] No such file or directory: ''
2024-05-28 22:49:01.214361: FROM_UTILS_ERROR: [Errno 2] No such file or directory: ''
2024-05-28 22:49:01.215358: FROM_UTILS_ERROR: [Errno 2] No such file or directory: ''
2024-05-28 22:49:01.216355: FROM_UTILS_ERROR: [Errno 2] No such file or directory: ''
2024-05-28 22:49:01.217351: FROM_UTILS_ERROR: [Errno 2] No such file or directory: ''
2024-05-28 22:49:01.218350: FROM_UTILS_ERROR: [Errno 2] No such file or directory: ''
2024-05-28 22:49:01.220343: FROM_UTILS_ERROR: [Errno 2] No such file or directory: ''
2024-05-28 22:49:01.221340: FROM_UTILS_ERROR: [Errno 2] No such file or directory: ''
2024-05-28 22:49:01.222337: FROM_UTILS_ERROR: [Errno 2] No such file or directory: ''
2024-05-28 22:49:01.223335: FROM_UTILS_ERROR: [Errno 2] No such file or directory: ''
2024-05-28 22:49:01.224332: FROM_UTILS_ERROR: [Errno 2] No such file or directory: ''
2024-05-28 22:49:01.226327: FROM_UTILS_ERROR: [Errno 2] No such file or directory: ''
2024-05-28 22:49:01.227325: FROM_UTILS_ERROR: [Errno 2] No such file or directory: ''
2024-05-28 22:49:01.228350: FROM_UTILS_ERROR: [Errno 2] No such file or directory: ''
2024-05-28 22:49:01.229348: FROM_UTILS_ERROR: [Errno 2] No such file or directory: ''
2024-05-28 22:49:01.230344: FROM_UTILS_ERROR: [Errno 2] No such file or directory: ''
2024-05-28 22:49:01.231342: FROM_UTILS_ERROR: [Errno 2] No such file or directory: ''
2024-05-28 22:49:01.232311: FROM_UTILS_ERROR: [Errno 2] No such file or directory: ''
2024-05-28 22:49:01.234305: FROM_UTILS_ERROR: [Errno 2] No such file or directory: ''
2024-05-28 22:49:01.235331: FROM_UTILS_ERROR: [Errno 2] No such file or directory: ''
2024-05-28 22:49:01.236301: FROM_UTILS_ERROR: [Errno 2] No such file or directory: ''
2024-05-28 22:49:01.237298: FROM_UTILS_ERROR: [Errno 2] No such file or directory: ''
2024-05-28 22:49:01.238295: FROM_UTILS_ERROR: [Errno 2] No such file or directory: ''
2024-05-28 22:49:01.239292: FROM_UTILS_ERROR: [Errno 2] No such file or directory: ''
2024-05-28 22:49:01.241287: FROM_UTILS_ERROR: [Errno 2] No such file or directory: ''
2024-05-28 22:49:01.242285: FROM_UTILS_ERROR: [Errno 2] No such file or directory: ''
2024-05-28 22:49:01.244280: FROM_UTILS_ERROR: [Errno 2] No such file or directory: ''
2024-05-28 22:49:01.245277: FROM_UTILS_ERROR: [Errno 2] No such file or directory: ''
2024-05-28 22:49:01.247271: FROM_UTILS_ERROR: [Errno 2] No such file or directory: ''
2024-05-28 22:49:01.248268: FROM_UTILS_ERROR: [Errno 2] No such file or directory: ''
2024-05-28 22:49:01.249266: FROM_UTILS_ERROR: [Errno 2] No such file or directory: ''
2024-05-28 22:49:01.250264: FROM_UTILS_ERROR: [Errno 2] No such file or directory: ''
2024-05-28 22:49:01.252258: FROM_UTILS_ERROR: [Errno 2] No such file or directory: ''
2024-05-28 22:49:01.253255: FROM_UTILS_ERROR: [Errno 2] No such file or directory: ''
2024-05-28 22:49:01.254253: FROM_UTILS_ERROR: [Errno 2] No such file or directory: ''
2024-05-28 22:49:01.255251: FROM_UTILS_ERROR: [Errno 2] No such file or directory: ''
2024-05-28 22:49:01.256248: FROM_UTILS_ERROR: [Errno 2] No such file or directory: ''
2024-05-28 22:49:01.257245: FROM_UTILS_ERROR: [Errno 2] No such file or directory: ''
2024-05-28 22:49:01.259240: FROM_UTILS_ERROR: [Errno 2] No such file or directory: ''
2024-05-28 22:49:01.261234: FROM_UTILS_ERROR: [Errno 2] No such file or directory: ''
2024-05-28 22:49:01.262232: FROM_UTILS_ERROR: [Errno 2] No such file or directory: ''
2024-05-28 22:49:01.263229: FROM_UTILS_ERROR: [Errno 2] No such file or directory: ''
2024-05-28 22:49:01.264227: FROM_UTILS_ERROR: [Errno 2] No such file or directory: ''
2024-05-28 22:49:01.266220: FROM_UTILS_ERROR: [Errno 2] No such file or directory: ''
2024-05-28 22:49:01.267217: FROM_UTILS_ERROR: [Errno 2] No such file or directory: ''
2024-05-28 22:49:01.268215: FROM_UTILS_ERROR: [Errno 2] No such file or directory: ''
2024-05-28 22:49:01.270210: FROM_UTILS_ERROR: [Errno 2] No such file or directory: ''
2024-05-28 22:49:01.271207: FROM_UTILS_ERROR: [Errno 2] No such file or directory: ''
2024-05-28 22:49:01.272204: FROM_UTILS_ERROR: [Errno 2] No such file or directory: ''
2024-05-28 22:49:01.273202: FROM_UTILS_ERROR: [Errno 2] No such file or directory: ''
2024-05-28 22:49:01.275198: FROM_UTILS_ERROR: [Errno 2] No such file or directory: ''
2024-05-28 22:49:01.276195: FROM_UTILS_ERROR: [Errno 2] No such file or directory: ''
2024-05-28 22:49:01.277192: FROM_UTILS_ERROR: [Errno 2] No such file or directory: ''
2024-05-28 22:49:01.279186: FROM_UTILS_ERROR: [Errno 2] No such file or directory: ''
2024-05-28 22:49:01.280183: FROM_UTILS_ERROR: [Errno 2] No such file or directory: ''
2024-05-28 22:49:01.281180: FROM_UTILS_ERROR: [Errno 2] No such file or directory: ''
2024-05-28 22:49:01.283175: FROM_UTILS_ERROR: [Errno 2] No such file or directory: ''
2024-05-28 22:49:01.285170: FROM_UTILS_ERROR: [Errno 2] No such file or directory: ''
2024-05-28 22:49:01.287165: FROM_UTILS_ERROR: [Errno 2] No such file or directory: ''
2024-05-28 22:49:01.288163: FROM_UTILS_ERROR: [Errno 2] No such file or directory: ''
2024-05-28 22:49:01.291154: FROM_UTILS_ERROR: [Errno 2] No such file or directory: ''
2024-05-28 22:49:01.293149: FROM_UTILS_ERROR: [Errno 2] No such file or directory: ''
2024-05-28 22:49:01.295143: FROM_UTILS_ERROR: [Errno 2] No such file or directory: ''
2024-05-28 22:49:01.297138: FROM_UTILS_ERROR: [Errno 2] No such file or directory: ''
2024-05-28 22:49:01.298165: FROM_UTILS_ERROR: [Errno 2] No such file or directory: ''
2024-05-28 22:49:01.300129: FROM_UTILS_ERROR: [Errno 2] No such file or directory: ''
2024-05-28 22:49:01.301158: FROM_UTILS_ERROR: [Errno 2] No such file or directory: ''
2024-05-28 22:49:01.302153: FROM_UTILS_ERROR: [Errno 2] No such file or directory: ''
2024-05-28 22:49:01.303151: FROM_UTILS_ERROR: [Errno 2] No such file or directory: ''
2024-05-28 22:49:01.304119: FROM_UTILS_ERROR: [Errno 2] No such file or directory: ''
2024-05-28 22:49:01.306114: FROM_UTILS_ERROR: [Errno 2] No such file or directory: ''
2024-05-28 22:49:01.307111: FROM_UTILS_ERROR: [Errno 2] No such file or directory: ''
2024-05-28 22:49:01.309106: FROM_UTILS_ERROR: [Errno 2] No such file or directory: ''
2024-05-28 22:49:01.310103: FROM_UTILS_ERROR: [Errno 2] No such file or directory: ''
2024-05-28 22:49:01.311100: FROM_UTILS_ERROR: [Errno 2] No such file or directory: ''
2024-05-28 22:49:01.313095: FROM_UTILS_ERROR: [Errno 2] No such file or directory: ''
2024-05-28 22:49:01.314092: FROM_UTILS_ERROR: [Errno 2] No such file or directory: ''
2024-05-28 22:49:01.315091: FROM_UTILS_ERROR: [Errno 2] No such file or directory: ''
2024-05-28 22:49:01.317084: FROM_UTILS_ERROR: [Errno 2] No such file or directory: ''
2024-05-28 22:49:01.318081: FROM_UTILS_ERROR: [Errno 2] No such file or directory: ''
2024-05-28 22:49:01.319079: FROM_UTILS_ERROR: [Errno 2] No such file or directory: ''
2024-05-28 22:49:01.320076: FROM_UTILS_ERROR: [Errno 2] No such file or directory: ''
2024-05-28 22:49:01.321073: FROM_UTILS_ERROR: [Errno 2] No such file or directory: ''
2024-05-28 22:49:01.322071: FROM_UTILS_ERROR: [Errno 22] Invalid argument
2024-05-28 22:49:01.323068: FROM_UTILS_ERROR: [Errno 2] No such file or directory: ''
2024-05-28 22:49:01.325065: FROM_UTILS_ERROR: [Errno 2] No such file or directory: ''
2024-05-28 22:49:01.326061: FROM_UTILS_ERROR: [Errno 2] No such file or directory: ''
2024-05-28 22:49:01.327059: FROM_UTILS_ERROR: [Errno 2] No such file or directory: ''
2024-05-28 22:49:01.328055: FROM_UTILS_ERROR: [Errno 2] No such file or directory: ''
2024-05-28 22:49:01.330049: FROM_UTILS_ERROR: [Errno 2] No such file or directory: ''
2024-05-28 22:49:01.331047: FROM_UTILS_ERROR: [Errno 2] No such file or directory: ''
2024-05-28 22:49:01.332046: FROM_UTILS_ERROR: [Errno 2] No such file or directory: ''
2024-05-28 22:49:01.333043: FROM_UTILS_ERROR: [Errno 2] No such file or directory: ''
2024-05-28 22:49:01.334040: FROM_UTILS_ERROR: [Errno 2] No such file or directory: ''
2024-05-28 22:49:01.336035: FROM_UTILS_ERROR: [Errno 2] No such file or directory: ''
2024-05-28 22:49:01.337032: FROM_UTILS_ERROR: [Errno 2] No such file or directory: ''
2024-05-28 22:49:01.338030: FROM_UTILS_ERROR: [Errno 2] No such file or directory: ''
2024-05-28 22:49:01.340024: FROM_UTILS_ERROR: [Errno 2] No such file or directory: ''
2024-05-28 22:49:01.341021: FROM_UTILS_ERROR: [Errno 2] No such file or directory: ''
2024-05-28 22:49:01.342019: FROM_UTILS_ERROR: [Errno 2] No such file or directory: ''
2024-05-28 22:49:01.343016: FROM_UTILS_ERROR: [Errno 2] No such file or directory: ''
2024-05-28 22:49:01.345010: FROM_UTILS_ERROR: [Errno 2] No such file or directory: ''
2024-05-28 22:49:01.346007: FROM_UTILS_ERROR: [Errno 2] No such file or directory: ''
2024-05-28 22:49:01.347004: FROM_UTILS_ERROR: [Errno 2] No such file or directory: ''
2024-05-28 22:49:01.349001: FROM_UTILS_ERROR: [Errno 2] No such file or directory: ''
2024-05-28 22:49:01.349996: FROM_UTILS_ERROR: [Errno 2] No such file or directory: ''
2024-05-28 22:49:01.350993: FROM_UTILS_ERROR: [Errno 2] No such file or directory: ''
2024-05-28 22:49:01.351991: FROM_UTILS_ERROR: [Errno 2] No such file or directory: ''
2024-05-28 22:49:01.352988: FROM_UTILS_ERROR: [Errno 2] No such file or directory: ''
2024-05-28 22:49:01.353985: FROM_UTILS_ERROR: [Errno 2] No such file or directory: ''
2024-05-28 22:49:01.355980: FROM_UTILS_ERROR: [Errno 2] No such file or directory: ''
2024-05-28 22:49:01.356977: FROM_UTILS_ERROR: [Errno 2] No such file or directory: ''
2024-05-28 22:49:01.149533: FROM_UTILS_ERROR: [Errno 2] No such file or directory: ''
2024-05-28 22:49:01.359972: FROM_UTILS_ERROR: [Errno 2] No such file or directory: ''
2024-05-28 22:49:01.361994: FROM_UTILS_ERROR: [Errno 2] No such file or directory: ''
2024-05-28 22:49:01.362961: FROM_UTILS_ERROR: [Errno 2] No such file or directory: ''
2024-05-28 22:49:01.363959: FROM_UTILS_ERROR: [Errno 2] No such file or directory: ''
2024-05-28 22:49:01.364956: FROM_UTILS_ERROR: [Errno 2] No such file or directory: ''
2024-05-28 22:49:01.366953: FROM_UTILS_ERROR: [Errno 2] No such file or directory: ''
2024-05-28 22:49:01.367950: FROM_UTILS_ERROR: [Errno 2] No such file or directory: ''
2024-05-28 22:49:01.368947: FROM_UTILS_ERROR: [Errno 2] No such file or directory: ''
2024-05-28 22:49:01.369945: FROM_UTILS_ERROR: [Errno 2] No such file or directory: ''
2024-05-28 22:49:01.370941: FROM_UTILS_ERROR: [Errno 2] No such file or directory: ''
2024-05-28 22:49:01.371939: FROM_UTILS_ERROR: [Errno 2] No such file or directory: ''
2024-05-28 22:49:01.373932: FROM_UTILS_ERROR: [Errno 2] No such file or directory: ''
2024-05-28 22:49:01.374930: FROM_UTILS_ERROR: [Errno 2] No such file or directory: ''
2024-05-28 22:49:01.376924: FROM_UTILS_ERROR: [Errno 2] No such file or directory: ''
2024-05-28 22:49:01.377925: FROM_UTILS_ERROR: [Errno 2] No such file or directory: ''
2024-05-28 22:49:01.378920: FROM_UTILS_ERROR: [Errno 2] No such file or directory: ''
2024-05-28 22:49:01.380942: FROM_UTILS_ERROR: [Errno 2] No such file or directory: ''
2024-05-28 22:49:01.381939: FROM_UTILS_ERROR: [Errno 2] No such file or directory: ''
2024-05-28 22:49:01.382909: FROM_UTILS_ERROR: [Errno 2] No such file or directory: ''
2024-05-28 22:49:01.383911: FROM_UTILS_ERROR: [Errno 2] No such file or directory: ''
2024-05-28 22:49:01.384903: FROM_UTILS_ERROR: [Errno 2] No such file or directory: ''
2024-05-28 22:49:01.386898: FROM_UTILS_ERROR: [Errno 2] No such file or directory: ''
2024-05-28 22:49:01.387895: FROM_UTILS_ERROR: [Errno 2] No such file or directory: ''
2024-05-28 22:49:01.388892: FROM_UTILS_ERROR: [Errno 2] No such file or directory: ''
2024-05-28 22:49:01.389889: FROM_UTILS_ERROR: [Errno 2] No such file or directory: ''
2024-05-28 22:49:01.390886: FROM_UTILS_ERROR: [Errno 2] No such file or directory: ''
2024-05-28 22:49:01.392883: FROM_UTILS_ERROR: [Errno 2] No such file or directory: ''
2024-05-28 22:49:01.393880: FROM_UTILS_ERROR: [Errno 2] No such file or directory: ''
2024-05-28 22:49:01.394876: FROM_UTILS_ERROR: [Errno 2] No such file or directory: ''
2024-05-28 22:49:01.396871: FROM_UTILS_ERROR: [Errno 2] No such file or directory: ''
2024-05-28 22:49:01.397868: FROM_UTILS_ERROR: [Errno 2] No such file or directory: ''
2024-05-28 22:49:01.398865: FROM_UTILS_ERROR: [Errno 2] No such file or directory: ''
2024-05-28 22:49:01.399863: FROM_UTILS_ERROR: [Errno 2] No such file or directory: ''
2024-05-28 22:49:01.400860: FROM_UTILS_ERROR: [Errno 2] No such file or directory: ''
2024-05-28 22:49:01.401857: FROM_UTILS_ERROR: [Errno 2] No such file or directory: ''
2024-05-28 22:49:01.402855: FROM_UTILS_ERROR: [Errno 2] No such file or directory: ''
2024-05-28 22:49:01.404850: FROM_UTILS_ERROR: [Errno 2] No such file or directory: ''
2024-05-28 22:49:01.405847: FROM_UTILS_ERROR: [Errno 2] No such file or directory: ''
2024-05-28 22:49:01.406844: FROM_UTILS_ERROR: [Errno 2] No such file or directory: ''
2024-05-28 22:49:01.407842: FROM_UTILS_ERROR: [Errno 2] No such file or directory: ''
2024-05-28 22:49:01.409836: FROM_UTILS_ERROR: [Errno 2] No such file or directory: ''
2024-05-28 22:49:01.410833: FROM_UTILS_ERROR: [Errno 2] No such file or directory: ''
2024-05-28 22:49:01.412828: FROM_UTILS_ERROR: [Errno 2] No such file or directory: ''
2024-05-28 22:49:01.413826: FROM_UTILS_ERROR: [Errno 2] No such file or directory: ''
2024-05-28 22:49:01.414823: FROM_UTILS_ERROR: [Errno 2] No such file or directory: ''
2024-05-28 22:49:01.415821: FROM_UTILS_ERROR: [Errno 2] No such file or directory: ''
2024-05-28 22:49:01.416818: FROM_UTILS_ERROR: [Errno 2] No such file or directory: ''
2024-05-28 22:49:01.418812: FROM_UTILS_ERROR: [Errno 2] No such file or directory: ''
2024-05-28 22:49:01.419809: FROM_UTILS_ERROR: [Errno 2] No such file or directory: ''
2024-05-28 22:49:01.420807: FROM_UTILS_ERROR: [Errno 2] No such file or directory: ''
